%YAML:1.0
---
K: !!opencv-matrix
  rows: 3
  cols: 3
  dt: d
  data: [ 1.4567926593994266e+03, -2.4757423542022320e+01,
          1.4937073429056954e+03, 0., 1.4713193351320267e+03,
          9.7760838911467420e+02, 0., 0., 1. ]
D: !!opencv-matrix
  rows: 4
  cols: 1
  dt: d
  data: [ -3.0940613149649232e-01, -3.7113226678944254e-02,
          8.1907654998527535e-02, -3.0213978545100391e-02 ]
