%YAML:1.0
---
H: !!opencv-matrix
  rows: 3
  cols: 3
  dt: d
  data: [ 3.4848106904231315, -0.66495594073786657, -3817.26387527836,
          -6.7352747835854204e-15, -0.44093418647719185, 1134.7995545657029,
          -4.8905163666698559e-18, -0.00043310315193182574, 1. ]
