%YAML:1.0
---
H: !!opencv-matrix
   rows: 3
   cols: 3
   dt: d
   data: [ 2.3061318055011171e+01, -4.6170280984902023e-01,
       -2.1157359212392013e+04, 3.4274432350613406e-14,
       -3.1163943317583684e-03, 5.2068404855580593e+02,
       3.5830774056329749e-17, -4.8244181482026964e-04, 1. ]
